[WAFER ALIGNMENT]
Wafer2Table_X=          0.9999996615        -0.0001172234   -167931.1752933304
Wafer2Table_Y=          0.0001172234         0.9999996615   -163229.5435298480
Rotate  w2t=    0.006716
Shear   w2t=   -0.000000
Stretch w2t=    1.000000     1.000000
Offset  w2t= -167931.175  -163229.544
StdAffine=    0.271227
StdOrtho=    0.567858
[ANCHOR POINTS]
Count=8
Anchor_1=168017.253797 174046.696595    65.422090 10837.318823  -0.02645163
Anchor_2=168017.253797 184951.196595    64.345721 21741.353587 -359.99987777
Anchor_3=168017.253797 195855.696595    63.310341 32645.857269  -0.03270840
Anchor_4=142199.253797 174046.696595 -25752.387197 10833.923064 -359.99926911
Anchor_5=26018.253797 174046.696595 -141933.074584 10818.957464  -0.01263835
Anchor_6=168017.253797 21383.696595    82.461022 -141826.350783  -0.02635756
Anchor_7=168017.253797 304900.696595    50.937467 141690.673072  -0.01039054
Anchor_8=310016.253797 174046.696595 142064.669871 10854.054953  -0.00446694
Anchor_9=============== anchor points list end ==============
[LOCAL_CORRECTION]
Apply=0
