[General]
IsMultiIndex=0
DieCount=1
[Die_0]
Row=0
Col=0
PosX=0.000000
PosY=0.000000
SizeX=11399.000000
SizeY=9470.000000
