[DIE]
PixelSize_X=1.12819040699409
PixelSize_Y=1.12819040699409
FrameSizeX=1792
FrameSizeY=1792
Step_X=12908
Step_Y=10904
[TL_CORNER]
ChuckPosX=-89.1730861418885
ChuckPosY=388.76940790706
[RB_CORNER]
ChuckPosX=12770.6460459266
ChuckPosY=11072.4841939483
[TR_CORNER]
ChuckPosX=12770.9312808317
ChuckPosY=387.455028099201
[NEXT_TL_CORNER]
ChuckPosX=12818.994895818
ChuckPosY=11292.985445655
[ALIGNMENT_DATA]
DiePitchCorrected=1
UP_FileName=UniquePattern.mmf
UP_SearchEngine=1
UP_Offset_X=50
UP_Offset_Y=9161
UP_CenterInDie_X=177.5
UP_CenterInDie_Y=9288.5
UP_Size_X=256
UP_Size_Y=256
Aligned=1
Rotation=4.53549756560241E-05
UP_CrestForegroundColor=2
UP_EdgeFilterType=0
UP_ImageConverter=
[WaferType]
UseGMF=1
Use3pointsForCreate=1
DefineStreetForCreate=1
DieUncertanty_um=100
MaxWaferRotate_deg=2
Enchance3PointAlignment=1
MaxMargin_X=0
MaxMargin_Y=0
SkipAlignment= 0; 
MaxStdForAlignment= 10
[ReferenceSource]
IsUsingGainOffset=1
[DIE_REFERENCE]
Step_X=11442.3772550716
Step_Y=9666.12749279024
Size_X=11398.5849335769
Size_Y=9469.82781740362
Margin_X=0
Margin_Y=0
