[FRAME_2_CHUCK_PLANE]
Scan_X=          2.4085114619        -0.0003347740     -2157.7263123626
Scan_Y=          0.0003347740         2.4085114619     -2158.3262272861
