[FRAME_2_CHUCK_PLANE]
Scan_X=          1.1281903980        -0.0001424573     -1010.7309547896
Scan_Y=          0.0001424573         1.1281903980     -1010.9862383443
